Sentabr 1

123 13 12321 3123 123 123 21
213 21312312 321


Sentabr 2

320948 09328409 328409238 0498320 94823094 82304823 0984



Sentabr 2

320948 09328409 328409238 0498320 94823094 82304823 0984
Sentabr 2

320948 09328409 328409238 0498320 94823094 82304823 0984
Sentabr 2

320948 09328409 328409238 0498320 94823094 82304823 0984
Sentabr 2

320948 09328409 328409238 0498320 94823094 82304823 0984





Sentabr 2

320948 09328409 328409238 0498320 94823094 82304823 0984
Sentabr 2

320948 09328409 328409238 0498320 94823094 82304823 0984
Sentabr 2

320948 09328409 328409238 0498320 94823094 82304823 0984
